Filter 1:
-0.010366 -0.019109 -0.014336 -0.004956 -0.007191 -0.017836 -0.014678
-0.018185 -0.023806 -0.003971 0.003164 -0.009877 -0.019598 -0.012438
-0.009972 -0.016889 0.006929 -0.112378 -0.004454 -0.014606 -0.011968
-0.029286 -0.049522 -0.093870 -0.230421 -0.060529 -0.050651 -0.028252
-0.029460 -0.062816 0.018601 0.936427 0.037004 -0.056659 -0.028216
-0.024469 -0.016398 0.004305 0.115283 0.008598 -0.018598 -0.018682
-0.021804 -0.016337 0.005643 0.086478 0.000976 -0.018258 -0.022568

Filter 2:
-0.002871 -0.006335 -0.023576 -0.049731 -0.038692 -0.019982 -0.001609
-0.015574 -0.017483 -0.024908 -0.044207 -0.032561 -0.022291 -0.028825
-0.016807 -0.004999 -0.012284 -0.055665 0.064783 -0.010828 -0.012208
0.001370 0.038502 -0.059240 -0.456545 0.848257 0.129801 0.069732
0.001566 0.013770 0.005058 -0.121033 0.074078 0.020350 0.007190
-0.009344 -0.014567 -0.011630 -0.050635 -0.025819 -0.010569 -0.012529
0.002350 -0.006887 -0.012085 -0.042283 0.000708 -0.007356 0.004438

Filter 3:
-0.025760 -0.021993 -0.015623 0.068278 -0.020230 -0.026704 -0.029474
-0.029693 -0.020450 0.008347 0.140394 0.013333 -0.023140 -0.033615
-0.025873 -0.041326 0.098596 0.878125 0.108857 -0.053538 -0.035708
-0.023234 -0.024152 -0.076522 -0.355209 -0.090919 -0.026583 -0.030537
-0.018112 -0.003603 -0.045245 -0.144964 -0.045179 -0.010070 -0.017247
-0.011080 -0.009287 0.008988 0.009857 0.002208 -0.010719 -0.012225
-0.005171 0.001564 0.003216 0.013518 0.007650 0.001186 -0.000934

Filter 4:
-0.041307 -0.030676 -0.024261 -0.007210 0.001897 -0.001310 -0.007319
-0.036686 -0.011045 -0.037788 -0.006021 0.028528 0.012414 -0.012684
-0.006411 0.000642 0.033764 -0.047998 0.004343 0.024774 0.009462
0.039193 0.078214 0.869568 -0.350899 -0.303579 -0.000505 -0.001577
-0.015323 0.001697 0.050901 -0.013813 -0.049879 -0.002864 -0.000469
-0.034810 -0.006612 -0.005195 0.000068 0.003687 0.000717 -0.015397
-0.037408 -0.024825 -0.012339 -0.007305 -0.000221 -0.003765 -0.002368

Filter 5:
0.050752 0.018862 0.039537 0.006379 -0.044870 -0.024716 -0.073547
0.036470 0.026162 0.045467 0.016569 -0.021388 -0.013378 -0.065535
0.096410 0.086563 0.188319 0.017527 -0.169982 -0.062293 -0.094769
0.198740 0.202768 0.542363 -0.033217 -0.528883 -0.198141 -0.215364
0.087319 0.081274 0.189242 0.013053 -0.217298 -0.087242 -0.105545
0.041305 0.031175 0.066061 0.014364 -0.035550 -0.018613 -0.065024
0.053047 0.022884 0.046441 -0.000353 -0.043196 -0.028261 -0.071890

Filter 6:
-0.070076 -0.047989 -0.076243 -0.156696 -0.072218 -0.040500 -0.062643
-0.028031 -0.005619 -0.060923 -0.144135 -0.035828 0.002474 -0.031041
-0.029497 -0.036818 -0.215620 -0.468564 -0.219833 -0.034334 -0.043523
-0.012474 -0.007903 0.009237 0.019302 0.008470 -0.000447 0.000818
0.023980 0.033675 0.201968 0.676272 0.200072 0.021273 0.031519
-0.003614 0.017934 0.061616 0.159518 0.046287 0.014208 0.005265
0.021008 0.026337 0.049661 0.144345 0.058595 0.031835 0.038904

Filter 7:
-0.005660 -0.009521 -0.013251 -0.022730 -0.016777 -0.003587 -0.007026
-0.010241 -0.004743 -0.015582 -0.047566 -0.014404 -0.002725 -0.012811
-0.008007 -0.006216 -0.043614 -0.064494 -0.045387 -0.009789 -0.012796
-0.011767 -0.030798 -0.014348 0.982706 -0.022891 -0.037026 -0.017894
-0.012432 -0.013301 -0.053900 -0.074982 -0.057881 -0.017230 -0.018007
-0.011493 -0.006475 -0.012195 -0.047276 -0.012390 -0.003429 -0.013235
-0.010339 -0.012779 -0.021011 -0.033894 -0.016922 -0.008399 -0.013484

Filter 8:
-0.039747 -0.037104 -0.036442 -0.015018 -0.038648 -0.028850 -0.035683
-0.039553 -0.032229 -0.043352 -0.035793 -0.040037 -0.028182 -0.037951
-0.035896 -0.040227 -0.018008 0.156419 -0.011734 -0.039894 -0.035016
-0.017596 -0.038753 0.160821 0.920885 0.152043 -0.037856 -0.015814
-0.040770 -0.046278 -0.027596 0.147155 -0.030494 -0.047664 -0.040714
-0.040421 -0.033754 -0.040347 -0.036521 -0.038895 -0.029883 -0.040003
-0.042854 -0.039693 -0.043615 -0.023412 -0.037513 -0.034438 -0.043075

